Size of the MST =  2105
PIO Min Wt : 1971.0
X Coordinates : [  1. 450. 356. 189.  30. 289.  41. 297. 214. 175. 270. 258. 115. 440. 399. 164. 104. 204. 280. 448. 179. 185. 164.]
Y Coordinates : [193. 462. 293.  55.   1. 375. 191. 484. 299. 210. 119. 482. 330.  36. 120. 418. 141.  72. 364.  86. 286. 122. 328.]
Time Required : 37.04642653465271
Error Ratio : 0.9363420427553444
PSO Min Wt : 2002
X Coordinates : [  1 450 356 189  30 289  41 297 214 175 270 258 115 440 399 164 104 204 280 448 177  36]
Y Coordinates : [193 462 293  55   1 375 191 484 299 210 119 482 330  36 120 418 141  72 364  86 137 148]
Time Required : 47.84574031829834
Error Ratio : 0.9510688836104513
CPSO Min Wt : 2058
X Coordinates : [  1 450 356 189  30 289  41 297 214 175 270 258 115 440 399 164 104 204 280 448  43 110  47]
Y Coordinates : [193 462 293  55   1 375 191 484 299 210 119 482 330  36 120 418 141  72 364  86  46  73  48]
Time Required : 48.48700475692749
Error Ratio : 0.9776722090261283
WPSO Min Wt : 2021
X Coordinates : [  1 450 356 189  30 289  41 297 214 175 270 258 115 440 399 164 104 204 280 448 114 271 225]
Y Coordinates : [193 462 293  55   1 375 191 484 299 210 119 482 330  36 120 418 141  72 364  86  46 311 294]
Time Required : 46.35357332229614
Error Ratio : 0.9600950118764846