Size of the MST =  2071
No. of Iterations : 100
PIO Min Wt : 2038.0
X Coordinates : [209. 123.  28. 379. 208. 494. 126. 491. 251. 220. 197. 394.  56. 165.
 438. 476. 271.  92. 218. 468. 375. 262. 323. 484. 424. 246. 113. 366.
 393. 161. 228. 416.]
Y Coordinates : [341. 213. 410. 427. 391.  96. 169. 364. 202. 321. 268. 371. 277. 431.
 288.  43. 253. 426. 217. 350. 300.  91. 300. 378. 179. 384. 216. 364.
  90. 488. 264.  92.]
No. of Steiner points : 2
Time Required : 59.47516584396362
Error Ratio : 0.9840656687590535
PSO Min Wt : 2048
X Coordinates : [209 123  28 379 208 494 126 491 251 220 197 394  56 165 438 476 271  92
 218 468 375 262 323 484 424 246 113 366 393 161 423]
Y Coordinates : [341 213 410 427 391  96 169 364 202 321 268 371 277 431 288  43 253 426
 217 350 300  91 300 378 179 384 216 364  90 488 109]
No. of Steiner points : 1
Time Required : 103.09461832046509
Error Ratio : 0.9888942539835828
CPSO Min Wt : 2071
X Coordinates : [209 123  28 379 208 494 126 491 251 220 197 394  56 165 438 476 271  92
 218 468 375 262 323 484 424 246 113 366 393 161]
Y Coordinates : [341 213 410 427 391  96 169 364 202 321 268 371 277 431 288  43 253 426
 217 350 300  91 300 378 179 384 216 364  90 488]
No. of Steiner points : 0
Time Required : 77.57812833786011
Error Ratio : 1.0
WPSO Min Wt : 2035
X Coordinates : [209 123  28 379 208 494 126 491 251 220 197 394  56 165 438 476 271  92
 218 468 375 262 323 484 424 246 113 366 393 161 423]
Y Coordinates : [341 213 410 427 391  96 169 364 202 321 268 371 277 431 288  43 253 426
 217 350 300  91 300 378 179 384 216 364  90 488  96]
No. of Steiner points : 1
Time Required : 97.69628524780273
Error Ratio : 0.9826170931916949