Size of the MST =  2751
No. of Iterations : 50
PIO Min Wt : 2715.0
X Coordinates : [428. 176. 221.   5. 347. 122. 299. 468. 115. 396.  39. 487. 182.  24.
 194. 365. 337.  72. 358.  67. 280. 472. 447. 183. 396. 447. 212.  18.
 210. 450. 165.  55. 468. 353.  88.  37. 105. 473.  52. 349. 352. 404.
 184.]
Y Coordinates : [188. 349.  45. 481. 242. 160. 329. 105.  67.   7. 377. 225. 412. 352.
 464. 182. 167. 125. 442. 171. 400. 182. 490.  54. 110. 247. 264. 423.
 250.  64.   7.  62.  77. 328. 418. 415. 478. 419.  95.  54. 209.  51.
  65.]
No. of Steiner points : 3
Time Required : 179.13643956184387
Error Ratio : 0.9869138495092693
PSO Min Wt : 2705
X Coordinates : [428 176 221   5 347 122 299 468 115 396  39 487 182  24 194 365 337  72
 358  67 280 472 447 183 396 447 212  18 210 450 165  55 468 353  88  37
 105 473  52 349 129 175 403]
Y Coordinates : [188 349  45 481 242 160 329 105  67   7 377 225 412 352 464 182 167 125
 442 171 400 182 490  54 110 247 264 423 250  64   7  62  77 328 418 415
 478 419  95  54  62  41  54]
No. of Steiner points : 3
Time Required : 470.8569176197052
Error Ratio : 0.9832788077062886
CPSO Min Wt : 2751
X Coordinates : [428 176 221   5 347 122 299 468 115 396  39 487 182  24 194 365 337  72
 358  67 280 472 447 183 396 447 212  18 210 450 165  55 468 353  88  37
 105 473  52 349]
Y Coordinates : [188 349  45 481 242 160 329 105  67   7 377 225 412 352 464 182 167 125
 442 171 400 182 490  54 110 247 264 423 250  64   7  62  77 328 418 415
 478 419  95  54]
No. of Steiner points : 0
Time Required : 351.24998784065247
Error Ratio : 1.0
WPSO Min Wt : 2749
X Coordinates : [428 176 221   5 347 122 299 468 115 396  39 487 182  24 194 365 337  72
 358  67 280 472 447 183 396 447 212  18 210 450 165  55 468 353  88  37
 105 473  52 349 368 404 417]
Y Coordinates : [188 349  45 481 242 160 329 105  67   7 377 225 412 352 464 182 167 125
 442 171 400 182 490  54 110 247 264 423 250  64   7  62  77 328 418 415
 478 419  95  54  30  25  32]
No. of Steiner points : 3
Time Required : 378.256649017334
Error Ratio : 0.9992729916394039