Size of the MST =  2831
No. of Iterations : 30
PIO Min Wt : 2811.0
X Coordinates : [393. 256. 235.  42. 104. 101. 161. 154. 443. 311. 177. 446. 364. 206.
 229. 337. 304. 393. 463.  62. 466. 412. 322.  91. 447. 383. 179. 490.
 201.  12. 173. 287. 102. 224. 264. 152. 282. 384.   9. 387. 280. 101.
 118. 221. 465. 275. 159. 433. 336.  33. 412.]
Y Coordinates : [ 36. 227. 119. 490. 108.  94. 301. 297. 323. 300. 352. 422.  43. 134.
  85. 255. 267. 216. 463.  91.  68. 136. 473. 132. 364.  46. 432.  13.
 294.  43. 232. 354. 465. 419. 206.  91. 426.  64. 125. 284. 447. 458.
 473.  52. 194. 358. 478. 210. 195. 396. 209.]
No. of Steiner points : 1
Time Required : 469.83176445961
Error Ratio : 0.9929353585305546
PSO Min Wt : 2831
X Coordinates : [393 256 235  42 104 101 161 154 443 311 177 446 364 206 229 337 304 393
 463  62 466 412 322  91 447 383 179 490 201  12 173 287 102 224 264 152
 282 384   9 387 280 101 118 221 465 275 159 433 336  33]
Y Coordinates : [ 36 227 119 490 108  94 301 297 323 300 352 422  43 134  85 255 267 216
 463  91  68 136 473 132 364  46 432  13 294  43 232 354 465 419 206  91
 426  64 125 284 447 458 473  52 194 358 478 210 195 396]
No. of Steiner points : 0
Time Required : 1128.945231437683
Error Ratio : 1.0
CPSO Min Wt : 2831
X Coordinates : [393 256 235  42 104 101 161 154 443 311 177 446 364 206 229 337 304 393
 463  62 466 412 322  91 447 383 179 490 201  12 173 287 102 224 264 152
 282 384   9 387 280 101 118 221 465 275 159 433 336  33]
Y Coordinates : [ 36 227 119 490 108  94 301 297 323 300 352 422  43 134  85 255 267 216
 463  91  68 136 473 132 364  46 432  13 294  43 232 354 465 419 206  91
 426  64 125 284 447 458 473  52 194 358 478 210 195 396]
No. of Steiner points : 0
Time Required : 816.8971631526947
Error Ratio : 1.0
WPSO Min Wt : 2831
X Coordinates : [393 256 235  42 104 101 161 154 443 311 177 446 364 206 229 337 304 393
 463  62 466 412 322  91 447 383 179 490 201  12 173 287 102 224 264 152
 282 384   9 387 280 101 118 221 465 275 159 433 336  33]
Y Coordinates : [ 36 227 119 490 108  94 301 297 323 300 352 422  43 134  85 255 267 216
 463  91  68 136 473 132 364  46 432  13 294  43 232 354 465 419 206  91
 426  64 125 284 447 458 473  52 194 358 478 210 195 396]
No. of Steiner points : 0
Time Required : 1194.963460445404
Error Ratio : 1.0